00100001
00010001
00000010
00010000
00000001
00000011
00100001
00010000
00100001
00100001
00100001
00010001
00010001
00010000
00000001
00110001
00100010
00110010
00110000
00010011
00010100
00000001
00010000
00000001
00010001
00000001
00110010
00100001
00100000
00100000
00100001
00100101
00010001
00010010
00110000
00110010
00100000
00010100
00110000
00100011
01000011
00100000
01000001
00110010
00010001
01000000
00100000
00110000
00100100
01000001
00010010
01000000
00000001
00110001
00010000
00010010
00110010
01010000
00100000
01100001
00110010
01010000
00010010
00010001
01100000
00110001
01000001
00000001
00010001
00100000
00100000
01000000
00110001
01000000
01100000
00110011
00100000
00000001
00000010
00100010
00000011
00010001
00100010
00010010
00110000
00110011
00000000
00110001
00010010
00000001
00000000
00100000
00010010
00010001
00100010
00100000
00110001
00010010
00010001
00010001
00010000
00010001
00100000
00000000
00010000
00000000
01010011
00100001
01000001
00010011
00000011
00010001
00010000
00110000
00100010
00010000
00100011
00010010
00100000
00110001
00010001
00110000
00110011
00110100
00010000
00010000
00000010
00010001
00000010
00000001
00110000
00010000
00000000
00100010
00010001
00010010
00000001
00000000
00010010
00010001
00010010
01000001
00010000
00110000
00000001
00110001
00100001
00000010
01010001
00000011
00010000
00010010
00110010
00000000
00010001
00010100
00010001
00010001
01000000
00100001
00010001
00100000
01000010
00010000
00000001
00000010
00100010
00010000
00000010
00100001
00100010
00100000
00110011
00100000
00100001
00110011
00010001
00110000
00100001
00100010
00100000
00010001
00010000
00000011
00100011
00000000
00000010
00110001
00100000
00100011
00100001
00010010
00010001
00010000
00100100
00000001
00000000
00100000
00100000
00000001
00000000
00100001
00000010
00010000
00000010
00100001
00100001
01000011
00010010
00110001
00100001
00000000
00100011
00000010
00000000
00010000
01010010
00100011
00010000
00100000
00000001
00100001
00010010
00000000
00010010
00010000
00110011
00010001
00000010
00010001
01010001
00010010
00100011
00000000
00110000
00010001
00010001
00010010
01010000
00010001
00000010
00010001
00010001
00010000
00000001
00110010
00010001
00110000
00110010
00010001
00100110
01100001
00010000
00100010
00110010
01000011
00010011
01000011
00110001
00010000
00010000
00110100
01110001
00010000
00100000
00010000
00010001
00010001
00000011
00000010
00010000
00010010
00000001
00010001
00000100
00100100
00110001
00010000
00000001
00000001
00000001
00100000
00010001
00100011
00010010
00100001
01000000
00010000
00000011
00010010
00010000
00100000
00000001
00000001
00110001
00010000
00010001
00000010
00100100
00010000
01000011
00000000
01000001
00010000
00010000
00010001
00100101
00010110
00010010
00110010
00000011
00010010
00100001
00000001
00110001
00100001
00000010
00000100
00100001
00010000
00100011
00100001
00000001
00110010
00100000
00110001
00100010
00110010
01000010
00100001
01000001
00010001
00110000
01000000
00010000
00100100
00110000
00010001
00110001
00100011
00010010
00110011
00100000
00100001
00100001
00000001
00010011
00110000
00010001
00010000
00010011
00110000
00000000
00000000
00000001
00010000
00010001
00110010
00010010
00000001
00000000
00100001
00100000
01000100
00010010
00100001
00010000
00010000
00110011
00000010
00100000
00100001
00010001
00100000
00110010
00100001
00000010
00100001
00110001
00000011
00010100
00010000
00100010
00010001
00000001
00010000
00010000
00010001
00100000
00100010
00010010
00100011
00110001
00010001
00000011
00000000
01000010
00010000
00010000
01000001
00010000
00010001
00100000
00010000
00100010
00010001
00010011
00100000
01000011
00010000
00000100
00010010
01000001
00010010
00100000
00110010
00110010
00000000
00100010
00100000
00100001
00110000
01000000
00000011
00000010
00010001
00010000
00010001
00100011
00100001
00110010
00110001
01000001
00110001
00010010
00010010
00100001
00010000
01000001
01010010
00110000
00010000
00100001
00100001
01000010
00100000
01000000
00010000
01000000
00110000
01000001
00110000
01000000
00010001
00110001
01100001
00000000
00110001
00100001
00010011
00100011
00010011
00010000
00010000
00010000
00010001
00010011
00010000
00010001
00110001
00000000
00000010
00010000
00100001
00000001
00100000
00010000
00110000
00000000
00100000
00000010
00100001
00010001
00100001
00000100
00000011
00100000
00000000
00100001
00000010
00010001
00000000
00000000
00100001
00100010
00100000
00010000
00000010
00000010
00010001
00100001
00110000
00100001
00000000
00100100
01000011
00010001
00100001
00110001
00010000
00110000
01010001
00000010
00010010
00010001
00110000
00000010
00000000
00100001
00010000
00100001
00010001
00010010
00010001
00010010
00010001
00010001
00000001
00000000
00100000
00100100
00010001
00110001
00100000
01000001
00000001
00100000
00100000
00110001
00010001
00100000
00010000
00010100
00010011
00110000
01000000
00110010
00110000
00010000
00100000
01000001
00010000
00000000
00110000
00010001
00110001
00100000
00000000
00100010
00000001
00010011
00000000
00000010
00010000
00010000
00010011
00010001
00010001
00010001
00100000
00000010
00000010
00010001
00010100
00000001
00110001
00010100
00000011
00000000
00010001
00000010
00010101
00100000
00100000
00000001
00010001
00010010
00110010
00000000
01000010
01010001
00110010
00000010
00110010
00110000
00100000
00100000
00100000
00110010
00010000
00110010
00110001
00110000
00100000
01000010
01100010
01010000
01100000
00010000
00000000
00110001
00100011
00010001
00000000
00010010
00100010
00100000
00010000
00010010
00100001
00110000
00110000
00100001
00010001
00110010
00010001
01000001
00010000
00000000
00010001
00000001
00100001
00010000
00010000
00100010
01000001
00110010
00000001
00000000
00000001
00000010
00010001
00000010
00010000
00100010
00010001
00100010
00010000
00010001
00000101
00000001
01000001
00110010
00100010
00010000
00100001
00100001
00010101
00010010
00100001
00000000
00000000
00100010
00010000
00010011
00100000
00100000
00100010
00000000
00010000
00010000
00100001
00010000
00010001
00110000
00000000
00100011
00100000
00100010
00010000
00100000
01000001
00110001
00110001
00010001
00100010
00000100
00000011
01000000
00000000
00000000
00010001
00010010
00010010
00100001
00010100
00100001
00100001
00110011
00100100
00000010
00000000
00010001
00010001
00100001
00100001
00010100
00010000
00000000
00110010
00100001
00010001
00000010
00100000
00000010
00110000
00010000
01010000
00100000
00110001
00100000
01000010
00100001
00000001
00000010
00000010
00000011
00010001
00000001
00010001
00100001
00010010
00100010
00000011
00000010
00000000
00100001
00010011
00110000
00100001
00110010
00100001
00010010
00010001
00100100
00000000
00010000
00110000
00100000
00010001
00000001
00100010
00010010
00100001
00010011
00010000
00110000
00010010
00110011
00000000
00110000
00100010
00100011
00110011
00000000
00000001
00110000
00110000
00010000
00110001
00010001
00010001
00000011
00100000
00010000
00010001
00000011
00010001
00100001
00100001
00010010
00000010
00110001
00110000
00100000
00110010
00100001
00010001
00000000
01000000
00110001
00010100
00010001
00000000
01000000
00000000
00110000
00110001
00100000
01010000
01000010
01000000
01000000
01010011
01010000
01000001
01010000
10000000
00110000
01000000
00010010
00100001
00000000
00110001
01010001
01010000
01000000
00100001
00100010
00100010
00010001
00010001
00010010
00000001
00000000
00010000
00010000
00010001
00000010
00100011
00100011
00010001
00100000
00100001
00110001
01000011
00100001
01000010
00010001
00010000
00010000
00110000
00010010
00010010
00010000
00010010
00110001
01010001
00000100
00100010
00010001
00000011
01000000
00000000
00000010
00000000
00110010
00010000
00010000
00010001
00010000
00010001
00010011
00010011
00100010
00010001
00000001
00000001
00010000
01010001
00100000
00110001
00000000
00000010
00100010
00000000
00000001
00000001
00100001
00010000
00100001
00100001
00100010
00010001
00000000
00010010
00010010
01000001
00000011
00100001
00000001
00010000
00010000
00110000
00100000
00010010
00110001
00110001
00010010
00110001
00110000
00000000
00000010
00010001
00110101
00010000
00110010
00010000
01000000
00000010
00010000
00000000
00010000
00000000
00010100
00000010
00100001
00110010
01000000
00010000
00110001
00010001
00110000
01000010
00000100
00010001
00100001
00010000
00010000
00100001
01010001
00010001
00100001
00000010
00010000
00010000
00010010
00000000
00010000
00000001
00010001
00100001
00010000
00010010
00100001
00000000
00010010
00010001
01000000
00010000
00100001
00000001
00110010
00100001
00100000
00000000
00100001
00100000
00010001
00100010
00000010
00000000
00010101
00010000
00000000
00100001
00010001
00100001
00110000
00000001
00000000
00000010
00010000
00000001
00010010
00000001
00000000
00010011
00000011
00100100
00010001
00000000
00000000
00000011
00010001
00100010
00010000
00010000
00100011
00000001
00000111
00110000
00000001
00100000
00010000
00010010
00100000
00000001
01100000
01000010
00000001
01000000
00100001
00010011
00010010
00000010
00000000
01000001
01000001
00010011
01000001
01010000
01000010
01010001
01000010
00010001
01000001
01110001
01000000
01100010
01010001
00110000
00110001
00000000
00110000
00110001
00010010
00000100
00100010
00010001
00000000
00000000
00010000
00010011
00110010
00010000
00000000
00110000
01000000
00000001
00100000
01010001
00010000
00010001
00110000
00010010
00010001
00000010
00010010
00000000
00110000
00010010
00010001
00100001
00110001
00100000
00100010
01010010
00100110
00010000
00100001
00010000
00010010
00110000
00010001
00010001
00000001
00100001
00010010
00100001
00100000
00110010
00100001
00100011
00010001
00000000
00100001
00000011
00010010
00010000
00000001
00100011
00010010
00010001
00010000
00100010
01000000
00100001
00110001
00010000
00010001
00100000
00100010
01000000
01000011
01000001
00100011
00000001
00010010
01000000
00010000
00010010
00100010
00000001
00000000
00010000
00000000
00010010
00110001
00000011
00100001
00100000
00010001
00010001
00100000
00010001
00010001
00100010
00110000
00100010
00100010
00100000
00010000
00010100
00000010
00100001
00010001
00010000
00010000
00000000
00000001
00010001
00100001
00010010
00000110
00100000
00000001
00100010
00000001
00100001
00110000
00100010
00110101
00010000
00010001
00000100
00010010
00010000
00000001
00000000
00100001
00010000
00010010
00000011
00010011
00100001
00010000
00100000
00000010
01000000
00010010
00010000
00010000
01100000
00010000
00100000
01010000
00100000
00100001
00000000
00110001
01000011
00010010
00000001
01000000
00010001
00100001
00100000
01010001
01000001
01000010
00110001
00100000
01000000
01100001
00100000
00010000
01000001
01010000
01010001
00110001
00100010
01010001
00100001
00010000
00100001
00110001
00010001
00100100
00010010
00010000
00010001
00010000
00000000
00010010
00100000
00110000
00010010
00100001
00010010
00010000
00100000
00110011
00010000
00000000
01000000
00010001
00010011
00100010
00000001
00010001
00010000
00100001
00100001
00010001
00000001
00010001
00100000
00000010
00010010
00010001
00100000
00000001
00110001
00100001
00010001
00000000
01000101
00100011
00110001
00100000
00010001
00000011
00000010
00010000
00010000
00100000
00000000
00010010
00000001
00000010
00100011
00000000
00110010
00110011
00000001
00000010
00010000
00010000
00100000
00000010
00000001
00110010
00000000
00110010
00000011
00110010
00010001
00100010
00100010
00110011
00000000
00010010
00010000
00000000
00010100
00100100
00110001
00110001
00000010
00100010
00000001
00010000
00010000
00010001
00010010
00100001
00100001
00010001
00000001
00100001
00100000
00010010
00000001
00010010
00010101
00100001
00010001
00000000
00100000
00010001
00010000
00010010
00110000
00100000
00010000
00000000
00010001
00010010
00010001
00010010
00110001
00010001
00000100
00010001
00000001
00000100
00110010
00000000
00110001
00010010
01000000
00000010
00100011
00010010
00100001
00010000
00010000
00100001
00000000
00010000
00000000
00010011
01000000
00010001
00110001
00000010
00100001
01000000
00110001
00010001
00010000
00010010
00110010
00010010
00000000
01000000
00100001
00010001
00000001
00010001
00100100
00010000
00010000
00100011
00100001
00010011
00010010
00010001
00100011
00010001
00010001
00000101
00010000
00100001
00100000
01000010
00010001
00000001
00000010
00010010
00000000
00010000
00100001
00000010
00010000
00010010
01000000
00000000
00010001
00010000
00000000
00000000
00100001
00000001
00000001
00010000
00100010
00100001
00000101
00110000
00110010
00100001
00100000
00110001
00010000
00110000
00010011
00100000
00100010
00000010
00000010
00000000
00000100
00010010
00000010
01010001
00100000
00100001
00110001
00100000
01010001
00100010
01000000
00110000
01010001
01100010
01010010
01000010
00100000
01000011
01000001
00010001
01000011
01000000
00100000
00000001
00110010
00110011
00100001
00010001
00000001
00010001
00100010
00010001
01000010
00110000
00000000
01000000
00110011
00100001
01000010
01000001
00100000
00100001
00000001
00100011
01010001
01000001
00110001
00110000
00100001
00110000
00000000
00000010
00110010
00010000
00100001
00010000
00010010
01000011
00010010
01000000
00110010
00100000
00010001
00110000
00100001
00110011
00100001
01000010
00010000
00100010
01010001
00100000
01000000
00000001
00000101
00100101
00100000
00100001
00100000
00100010
00000011
00010011
00000001
00000010
00010000
00010001
00100001
00010000
00100000
00010001
00110001
00010011
01100001
00100011
00100010
00010001
00010001
00100000
00010010
00010011
00000011
00010010
00000001
01010011
00000000
00000001
00000000
00000001
00000001
00110010
00110001
00110000
00010001
00010010
00100001
00100010
00000001
00000000
00100000
00000010
00110010
00100100
00100010
00000000
00010000
00110000
00100010
00000000
00010010
00000001
00000101
01000011
00010011
00100010
00010000
00100011
01100001
00010010
00010000
00100001
00110010
00100010
00010010
00010000
01000000
00100001
00110000
00100000
00100001
00010001
00010001
00110001
00010001
01000010
00100000
01000010
00100000
00000000
01010000
00100001
00100000
00010000
01110000
00010000
00110010
00010001
00100001
01010000
00100010
01000000
00010001
00110000
00110000
00010000
01000001
00100001
00010001
00110001
00110000
01000000
00010000
00100010
01000000
01110000
00110000
01110000
01100000
00100001
01000001
00110010
00100011
01000001
00100001
00000001
00000010
00000010
00010100
00010010
00010010
00100000
00100000
00000000
00000000
00010010
00010010
00100010
00000101
00000001
00000010
00110001
01000011
00010000
00110001
00000000
00000010
00000011
01000010
00000001
00100010
00010001
00010001
00000001
00000010
00010001
00000010
00100000
00100010
00010000
00100001
01000001
00000000
00010000
00000000
00000010
00000000
00000000
00010000
00100001
00010000
00000001
00010001
00000001
00000000
00100000
00010010
00010001
00010001
00100001
00000000
00000001
00010010
00110010
00010000
00000001
00000000
00010000
00110001
00000010
00010000
00000000
00000000
00010001
00100010
00000001
00010010
00010011
00110001
01000010
00010010
00100010
00000001
00000010
00100101
00110001
00100000
00010001
00000000
00110011
00010000
00010000
00100001
00000001
00000011
00100010
00010000
00000001
00000000
00000001
00000010
00100000
00010010
00010000
00010000
00010010
00010000
00000001
00000010
00000010
00110001
00000000
00000011
00000001
00010011
00010010
00000001
01000000
00100000
00010000
00010010
00100000
00010001
00010011
00000001
00100001
00110000
00000000
00000001
00010000
00100000
00000000
00100011
00000000
00000000
00100000
00010001
00000011
00100000
00010010
00000001
00000001
00110010
00000101
00000001
00010010
00010000
01000001
00010000
00000001
01010000
00000001
00000001
00110010
00000000
00010001
00100000
00000001
00010101
00110000
00000000
00100001
00000010
00100001
00010000
00100000
00010010
00000001
00000010
00110001
00100010
00010001
00010010
00010001
00000000
00000011
00110001
00000011
00100100
00000100
00110001
00110000
00110000
00010100
00010010
00000010
00010010
01000001
00010000
00100011
00010000
00000001
00010000
00000011
00100101
01000000
00110001
00000001
00110100
00100001
00110000
00110000
00110001
01000001
00100000
00110000
00100000
01000000
01010000
01010001
01110011
00100010
01000000
01000010
00110000
00100000
00010010
00110001
01010001
01000011
01000000
00100001
00100000
00010001
00000000
00000000
01010000
00100011
00000100
00010001
00010000
00010000
00010010
00100001
00010001
00010011
00010100
01000000
00000001
00110001
01000001
00110000
01000000
00100011
00100010
00100001
01000001
00100001
00010000
00000000
01000001
00000000
00010010
00010001
00000001
00100011
01010000
00100001
00100001
00100010
00010011
00100001
00100000
00010000
00110000
00010000
00100011
00010010
00110001
00100010
00100001
00010000
00010010
00000010
00010000
00000000
00110000
00100010
00010000
00010000
00000001
00010001
00100010
00000001
00010001
00010001
00100010
00100010
00000000
00010000
00100000
00010001
00010001
00100011
00010001
00000010
00010001
00100001
00000010
00110000
00010000
00010001
00110001
01000000
00100010
01010001
00010010
01000001
00100001
