At=[0  88  70.5  84  70.5  65  70.5  74  75  71.5  74.5  61  78  76.5  81.5  75.5  75.5  76 ;
85  0  79  67  70.5  74  70.5  69.5  77.5  75  77.5  71.5  71.5  72.5  75.5  78.5  86  89 ;
79  67.5  0  73  87  79.5  80  84  81.5  83.5  82  80  70.5  70.5  71  73.5  83.5  80 ;
86.5  96.5  73.5  0  90.5  64  75  83.5  94.5  90.5  83.5  77.5  86  77  73  83  94  74.5 ;
72.5  76  88.5  72  0  78.5  79  85.5  83  75.5  81  74  70  84  71.5  77  79.5  78.5 ;
71.5  63  73  50.5  64.5  0  71  72.5  80.5  64  75  77.5  75  73  83  67.5  65.5  77.5 ;
77  93.5  67  68.5  79  72.5  0  73.5  78  81.5  82  88  77  68.5  70  84.5  67.5  91 ;
89  74.5  84.5  72.5  87  76.5  67.5  0  69.5  82.5  82.5  70.5  80  83.5  79.5  79.5  69.5  77 ;
76  67  76.5  61  71  69.5  77  68.5  0  65.5  66  76  77  78  71  76  72.5  79.5 ;
95.5  83.5  80.5  84  84.5  87  93  70  79  0  80  87  85  84  83  82.5  76.5  82 ;
76.5  68  69.5  73  69  75.5  71  78.5  71.5  81  0  86.5  86  81.5  72.5  67.5  69  70 ;
83  75.5  73.5  65  83  70.5  86  64.5  80  80.5  73  0  68  76.5  69  72.5  71.5  77.5 ;
65  72  73  82  69  86.5  73.5  70  76.5  72.5  85  67  0  77.5  69  77.5  70  71.5 ;
84  84.5  78.5  79.5  85.5  88  79  93.5  81.5  78  91  81.5  88  0  88  84.5  92  94.5 ;
74  75.5  67.5  68  72.5  89.5  68.5  58  73.5  75.5  81.5  76  58.5  74.5  0  84  73.5  65 ;
97  67  82.5  67  62  84.5  88.5  88  75.5  89  76.5  73.5  79  75.5  60  0  71  74 ;
76  81  90  85.5  77.5  75  75.5  86.5  78.5  82  75  80  75.5  88  73  88  0  82 ;
84  91.5  76.5  75  89  88  87.5  89.5  80.5  86.5  88  80  82.5  79  77  78.5  74.5  0]'

d0 = [1;1;1;1;1;1;1;1;1;1;1;1;1;1;1;1;1;1] 