0000000001
0000000110
0000001111
0000001101
0000000111
0000001000
0000001001
0000001010
0000001110
0000000010
0000001011
0000001100
0000010000
0000010001
0000010100
0000010101
0000010111
0000011000
0000010011
0000100000
0000100110
0000101111
0000101101
0000100111
0000101000
0000101001
0000101010
0000101110
0000100010
0000101011
0000101100
0000110000
0000110001
0000110100
0000110101
0000110111
0000111000
0000110011
0011000000
0011000001
0011001111
0011001101
0011000111
0011001000
0011001001
0011001010
0011001110
0011000010
0011001011
0011001100
0011010000
0011010001
0011010100
0011010101
0011010111
0011011000
0011010011
0111100000
0111100001
0111100110
0111101101
0111100111
0111101000
0111101001
0111101010
0111101110
0111100010
0111101011
0111101100
0111110000
0111110001
0111110100
0111110101
0111110111
0111111000
0111110011
0110100000
0110100001
0110100110
0110101111
0110100111
0110101000
0110101001
0110101010
0110101110
0110100010
0110101011
0110101100
0110110000
0110110001
0110110100
0110110101
0110110111
0110111000
0110110011
0011100000
0011100001
0011100110
0011101111
0011101101
0011101000
0011101001
0011101010
0011101110
0011100010
0011101011
0011101100
0011110000
0011110001
0011110100
0011110101
0011110111
0011111000
0011110011
0100000000
0100000001
0100000110
0100001111
0100001101
0100000111
0100001001
0100001010
0100001110
0100000010
0100001011
0100001100
0100010000
0100010001
0100010100
0100010101
0100010111
0100011000
0100010011
0100100000
0100100001
0100100110
0100101111
0100101101
0100100111
0100101000
0100101010
0100101110
0100100010
0100101011
0100101100
0100110000
0100110001
0100110100
0100110101
0100110111
0100111000
0100110011
0101000000
0101000001
0101000110
0101001111
0101001101
0101000111
0101001000
0101001001
0101001110
0101000010
0101001011
0101001100
0101010000
0101010001
0101010100
0101010101
0101010111
0101011000
0101010011
0111000000
0111000001
0111000110
0111001111
0111001101
0111000111
0111001000
0111001001
0111001010
0111000010
0111001011
0111001100
0111010000
0111010001
0111010100
0111010101
0111010111
0111011000
0111010011
0001000000
0001000001
0001000110
0001001111
0001001101
0001000111
0001001000
0001001001
0001001010
0001001110
0001001011
0001001100
0001010000
0001010001
0001010100
0001010101
0001010111
0001011000
0001010011
0101100000
0101100001
0101100110
0101101111
0101101101
0101100111
0101101000
0101101001
0101101010
0101101110
0101100010
0101101100
0101110000
0101110001
0101110100
0101110101
0101110111
0101111000
0101110011
0110000000
0110000001
0110000110
0110001111
0110001101
0110000111
0110001000
0110001001
0110001010
0110001110
0110000010
0110001011
0110010000
0110010001
0110010100
0110010101
0110010111
0110011000
0110010011
1000000000
1000000001
1000000110
1000001111
1000001101
1000000111
1000001000
1000001001
1000001010
1000001110
1000000010
1000001011
1000001100
1000010001
1000010100
1000010101
1000010111
1000011000
1000010011
1000100000
1000100001
1000100110
1000101111
1000101101
1000100111
1000101000
1000101001
1000101010
1000101110
1000100010
1000101011
1000101100
1000110000
1000110100
1000110101
1000110111
1000111000
1000110011
1010000000
1010000001
1010000110
1010001111
1010001101
1010000111
1010001000
1010001001
1010001010
1010001110
1010000010
1010001011
1010001100
1010010000
1010010001
1010010101
1010010111
1010011000
1010010011
1010100000
1010100001
1010100110
1010101111
1010101101
1010100111
1010101000
1010101001
1010101010
1010101110
1010100010
1010101011
1010101100
1010110000
1010110001
1010110100
1010110111
1010111000
1010110011
1011100000
1011100001
1011100110
1011101111
1011101101
1011100111
1011101000
1011101001
1011101010
1011101110
1011100010
1011101011
1011101100
1011110000
1011110001
1011110100
1011110101
1011111000
1011110011
1100000000
1100000001
1100000110
1100001111
1100001101
1100000111
1100001000
1100001001
1100001010
1100001110
1100000010
1100001011
1100001100
1100010000
1100010001
1100010100
1100010101
1100010111
1100010011
1001100000
1001100001
1001100110
1001101111
1001101101
1001100111
1001101000
1001101001
1001101010
1001101110
1001100010
1001101011
1001101100
1001110000
1001110001
1001110100
1001110101
1001110111
1001111000
