00110000
00100010
00100011
00110011
00000000
00000001
00110000
00110000
00010000
00110001
00010001
00010001
00000011
00100000
00010000
00010001
00000011
00010001
00100001
00100001
00010010
00000010
00110001
00110000
00100000
00110010
00100001
00010001
00000000
01000000
00110001
00010100
00010001
00000000
01000000
00000000
00110000
00110001
00100000
01010000
01000010
01000000
01000000
01010011
01010000
01000001
01010000
10000000
00110000
01000000
00010010
00100001
00000000
00110001
01010001
01010000
01000000
00100001
00100010
00100010
00010001
00010001
00010010
00000001
00000000
00010000
00010000
00010001
00000010
00100011
00100011
00010001
00100000
00100001
00110001
01000011
00100001
01000010
00010001
00010000
00010000
00110000
00010010
00010010
00010000
00010010
00110001
01010001
00000100
00100010
00010001
00000011
01000000
00000000
00000010
00000000
00110010
00010000
00010000
00010001
00010000
00010001
00010011
00010011
00100010
00010001
00000001
00000001
00010000
01010001
00100000
00110001
00000000
00000010
00100010
00000000
00000001
00000001
00100001
00010000
00100001
00100001
00100010
00010001
00000000
00010010
00010010
01000001
00000011
00100001
00000001
00010000
00010000
00110000
00100000
00010010
00110001
00110001
00010010
00110001
00110000
00000000
00000010
00010001
00110101
00010000
00110010
00010000
01000000
00000010
00010000
00000000
00010000
00000000
00010100
00000010
00100001
00110010
01000000
00010000
00110001
00010001
00110000
01000010
00000100
00010001
00100001
00010000
00010000
00100001
01010001
00010001
00100001
00000010
00010000
00010000
00010010
00000000
00010000
00000001
00010001
00100001
00010000
00010010
00100001
00000000
00010010
00010001
01000000
00010000
00100001
00000001
00110010
00100001
00100000
00000000
00100001
00100000
00010001
00100010
00000010
00000000
00010101
00010000
00000000
00100001
00010001
00100001
00110000
00000001
00000000
00000010
00010000
00000001
00010010
00000001
00000000
00010011
00000011
00100100
00010001
00000000
00000000
00000011
00010001
00100010
00010000
00010000
00100011
00000001
00000111
00110000
00000001
00100000
00010000
00010010
00100000
00000001
01100000
01000010
00000001
01000000
00100001
00010011
00010010
00000010
00000000
01000001
01000001
00010011
01000001
01010000
01000010
01010001
01000010
00010001
01000001
01110001
01000000
01100010
01010001
00110000
00110001
00000000
00110000
00110001
00010010
00000100
00100010
00010001
00000000
00000000
00010000
00010011
00110010
00010000
00000000
00110000
01000000
00000001
00100000
01010001
00010000
00010001
00110000
00010010
00010001
00000010
00010010
00000000
00110000
00010010
00010001
00100001
00110001
00100000
00100010
01010010
00100110
00010000
00100001
00010000
00010010
00110000
00010001
00010001
00000001
00100001
00010010
00100001
00100000
00110010
00100001
00100011
00010001
00000000
00100001
00000011
00010010
00010000
00000001
00100011
00010010
00010001
00010000
00100010
01000000
00100001
00110001
00010000
00010001
00100000
00100010
01000000
01000011
01000001
00100011
00000001
00010010
01000000
00010000
00010010
00100010
00000001
00000000
00010000
00000000
00010010
00110001
00000011
00100001
00100000
00010001
00010001
00100000
00010001
00010001
00100010
00110000
00100010
00100010
00100000
00010000
00010100
00000010
00100001
00010001
00010000
00010000
00000000
00000001
00010001
00100001
00010010
00000110
00100000
00000001
00100010
00000001
00100001
